Larger Solutions:


tsp_17
Cities: 17

Minimum cost: 1282
4 5 16 10 6 2 7 8 3 14 11 9 15 1 12 13 

-----------------------------------------

tsp_20
Cities: 20

Minimum cost: 161
11 2 12 1 6 3 14 4 16 10 13 15 7 18 19 9 8 17 5 

---------------------------------------------

tsp_25
Cities: 25

Minimum cost: 215
9 5 24 22 6 3 1 16 11 20 7 15 12 17 21 23 8 13 18 10 19 14 4 2 

--------------------------------------------

tsp_26
Cities: 26

Minimum cost: 192
20 5 24 23 8 16 7 17 19 14 10 21 9 13 2 3 6 4 25 12 22 1 18 11 15
 
---------------------------------------------------
