25
0 94 3 38 3 63 54 50 69 15 54 35 41 20 86 58 80 25 77 85 35 18 100 54 38 
97 0 59 69 30 47 36 98 92 78 94 92 58 58 56 63 11 24 72 76 85 100 23 10 19 
6 31 0 57 14 32 23 74 66 37 33 40 85 45 54 70 71 27 13 63 94 39 90 48 92 
52 5 81 0 39 27 87 51 10 88 43 72 44 66 98 62 32 73 91 15 23 45 4 32 45 
80 57 14 92 0 61 89 36 91 99 87 42 42 85 100 96 20 95 50 40 18 86 91 64 65 
71 49 10 78 60 0 28 63 41 42 34 62 32 3 97 15 38 25 96 13 65 3 63 18 2 
81 60 59 13 47 63 0 45 90 78 20 54 44 77 20 75 49 40 72 73 48 28 16 81 77 
24 43 43 53 38 85 34 0 34 37 27 67 22 18 76 8 33 63 67 74 87 8 14 72 22 
88 47 78 25 73 78 30 34 0 33 85 20 98 5 33 27 76 26 39 25 99 34 26 40 75 
86 75 12 71 79 6 23 98 91 0 40 20 6 65 35 61 28 58 58 47 30 14 12 80 55 
49 37 24 36 72 5 89 6 89 46 0 60 22 29 85 66 47 67 12 19 33 56 88 15 99 
31 41 42 37 45 63 42 75 25 58 14 0 66 51 82 52 25 13 31 19 3 52 2 38 41 
90 18 68 9 89 25 29 57 88 41 66 10 0 43 95 24 52 7 2 59 83 59 10 3 51 
40 73 93 23 48 59 23 55 72 27 51 86 87 0 98 26 64 73 5 65 13 33 31 7 76 
13 26 21 99 8 61 39 67 59 82 93 73 6 22 0 37 89 53 86 83 78 65 14 18 40 
68 57 53 72 73 91 88 92 87 60 65 15 2 84 48 0 82 59 35 83 76 15 65 23 11 
30 96 86 97 72 61 45 86 49 59 6 4 15 91 41 12 0 88 50 89 23 46 90 9 30 
45 100 33 71 95 28 84 36 100 15 73 21 49 48 30 41 60 0 96 89 51 9 70 11 50 
99 28 79 31 70 56 13 75 81 84 16 23 51 12 35 18 40 95 0 75 78 24 79 68 61 
26 88 7 54 15 43 27 81 60 100 94 14 78 61 9 64 56 5 12 0 51 63 90 79 73 
96 29 78 58 24 49 28 21 74 31 75 51 55 77 43 28 33 70 67 91 0 27 47 74 84 
76 97 48 86 84 48 13 32 16 38 96 57 11 65 96 44 93 50 24 87 76 0 95 2 68 
86 76 40 21 27 97 12 57 82 28 62 53 82 52 51 5 89 72 62 30 49 89 0 27 55 
10 93 21 67 51 100 31 71 1 62 17 32 66 45 76 57 89 51 89 77 91 33 82 0 83 
26 42 48 92 91 13 30 60 97 37 21 20 98 30 49 56 14 70 47 73 65 13 12 47 0 
